Station 	Elevation
0	370.01
3	370.02
4.32	369.96
6	369.88
8.99	369.4
11.99	368.44
14.99	367.27
17.99	366.34
20.98	365.62
23.98	365.15
26.98	365.03
29.98	365
32.98	365.31
35.97	365.53
38.97	365.96
41.97	366.59
44.97	366.81
47.96	366.87
50.96	366.97
53.96	367.35
56.96	367.67
59.96	366.67
62.95	365.51
65.95	365.13
68.95	365.24
71.95	365.26
74.94	365.02
77.94	365.08
80.94	365.2
83.94	365.24
86.94	365.28
89.93	365.38
92.93	365.42
95.93	365.35
98.93	365.39
101.92	365.41
104.92	365.4
107.92	365.45
110.92	365.54
113.92	365.58
116.91	365.67
119.91	365.54
122.91	365.22
125.91	365.34
128.9	365.41
131.9	365.17
134.9	365.07
137.9	365.03
140.9	364.96
143.89	364.96
146.89	364.99
149.89	365.07
152.89	365.12
155.89	365.22
158.88	365.28
161.88	365.15
164.88	365.01
167.88	364.93
170.87	365.05
173.87	365.1
176.87	365.09
179.87	365.03
182.87	364.99
185.86	365.19
188.86	365.17
191.86	365.19
194.86	365.69
197.85	365.5
200.85	365.02
203.85	364.96
206.85	365.19
209.85	365.27
212.84	364.93
215.84	364.84
218.84	365.12
221.84	365.39
224.83	365.59
227.83	365.41
230.83	365.36
233.83	365.3
236.83	365.23
239.82	365.16
242.82	365.32
245.82	365.45
248.82	365.29
251.81	365.24
254.81	365.26
257.81	365.48
260.81	365.81
263.81	365.48
266.8	365.19
269.8	365.29
272.8	365.28
275.8	365.09
278.79	364.99
281.79	364.93
284.79	364.82
287.79	364.76
290.79	364.7
293.78	364.6
296.78	364.53
299.78	364.33
302.78	364.38
305.77	364.6
308.77	364.66
311.77	364.6
314.77	364.56
317.77	364.31
320.76	364.07
323.76	363.95
326.76	363.86
329.76	364.04
332.75	364.03
335.75	363.78
338.75	363.72
341.75	363.69
344.75	363.6
347.74	363.68
350.74	363.98
353.74	364.07
356.74	364.1
359.73	364.16
362.73	364.41
365.73	364.61
368.73	364.71
371.73	364.71
374.72	364.7
377.72	364.54
380.72	364.38
383.72	364.27
386.71	364.25
389.71	364.27
392.71	364.24
395.71	364.12
398.71	364.19
401.7	364.32
404.7	364.34
407.7	364.41
410.7	364.48
413.69	364.55
416.69	364.55
419.69	364.68
422.69	364.75
425.69	364.63
428.68	364.42
431.68	364.32
434.68	364.22
437.68	364.06
440.67	364.17
443.67	364.28
446.67	364.12
449.67	364.06
452.67	364.11
455.66	364.11
458.66	364.07
461.66	364.15
464.66	364.34
467.65	364.17
470.65	364.03
473.65	364.14
476.65	364.16
479.65	364.11
482.64	364.2
485.64	364.4
488.64	364.71
491.64	364.51
494.64	364.28
497.63	364.37
500.63	364.39
503.63	364.39
506.63	364.43
509.62	364.44
512.62	364.43
515.62	364.56
518.62	364.7
521.62	364.91
524.61	364.78
527.61	364.54
530.61	364.39
533.61	364.37
536.6	364.41
539.6	364.5
542.6	364.67
545.6	364.78
548.6	364.73
551.59	364.38
554.59	363.93
557.59	363.6
560.59	363.47
563.58	363.53
566.58	363.68
569.58	363.66
572.58	363.57
575.58	363.68
578.57	363.9
581.57	363.72
584.57	363.47
587.57	363.4
590.56	363.48
593.56	363.53
596.56	363.4
599.56	363.27
602.56	363.14
605.55	363.18
608.55	363.35
611.55	363.56
614.55	363.69
617.54	363.76
620.54	363.88
623.54	363.98
626.54	364.21
629.54	364.16
632.53	364.15
635.53	364.3
638.53	364.4
641.53	364.3
644.53	364.24
647.52	364.36
650.52	364.25
653.52	364.18
656.52	364.28
659.51	364.33
662.51	364.4
665.51	364.59
668.51	364.63
671.51	364.86
674.5	364.99
677.5	365.09
680.5	365.24
683.5	365.39
686.49	365.33
689.49	365.27
692.49	365.24
695.49	365.29
698.49	365.34
701.48	365.33
704.48	365.45
707.48	365.43
710.48	365.39
713.47	365.5
716.47	365.58
719.47	365.64
722.47	365.62
725.47	365.56
728.46	365.56
731.46	365.73
734.46	365.86
737.46	365.87
740.46	365.79
743.45	365.68
746.45	365.75
749.45	365.77
752.45	365.89
755.44	365.92
758.44	365.9
761.44	365.51
764.44	365.17
767.44	364.92
770.43	364.85
773.43	364.66
776.43	364.41
779.43	364.26
782.42	364.13
785.42	363.67
788.42	363.48
791.42	363.32
794.42	363.2
797.41	363.06
800.41	363.2
803.41	363.52
806.41	363.78
809.4	363.87
812.4	363.85
815.4	363.97
818.4	364.05
821.4	364.07
824.39	364.26
827.39	364.54
830.39	364.68
833.39	364.69
836.39	364.62
839.38	364.57
842.38	364.68
845.38	364.84
848.38	364.94
851.37	364.88
854.37	364.64
857.37	364.43
860.37	364.4
863.37	364.56
866.36	364.59
869.36	364.31
872.36	364.24
875.36	364.37
878.35	364.58
881.35	364.63
884.35	364.72
887.35	364.71
890.35	364.82
893.34	364.95
896.34	364.95
899.34	364.92
902.34	364.94
905.33	365.17
908.33	365.56
911.33	366.27
914.33	366.89
917.33	367.15
920.32	367.21
923.32	367.01
926.32	367.06
929.32	366.81
932.31	366.46
935.31	366.39
938.31	366.29
941.31	366.19
944.31	366.06
947.3	365.97
950.3	366
953.3	366.14
956.3	366.29
959.3	365.83
962.29	365.74
965.29	365.76
968.29	365.75
971.29	365.58
974.28	365.56
977.28	365.39
980.28	365.31
983.28	365.48
986.28	365.55
989.27	365.49
992.27	365.4
995.27	365.36
998.27	365.48
1001.26	365.62
1004.26	365.55
1007.26	365.68
1010.26	365.84
1013.26	365.99
1016.25	366.19
1019.25	366.21
1022.25	366.13
1025.25	366.24
1028.24	366.45
1031.24	366.74
1034.24	366.75
1037.24	366.63
1040.24	366.72
1043.23	366.8
1046.23	366.92
1049.23	366.99
1052.23	367.13
1055.22	367.17
1058.22	367.25
1061.22	367.36
1064.22	367.41
1067.22	367.25
1070.21	367.17
1073.21	367.23
1076.21	367.14
1079.21	367.07
1082.2	367.08
1085.2	367.02
1088.2	367.04
1091.2	367
1094.2	366.98
1097.19	366.97
1100.19	367.03
1103.19	367.01
1106.19	366.88
1109.18	366.83
1112.18	366.85
1115.18	366.78
1118.18	366.73
1121.18	366.69
1124.17	366.62
1127.17	366.47
1130.17	366.43
1133.17	366.48
1136.16	366.5
1139.16	366.45
1142.16	366.32
1145.16	366.31
1148.16	366.52
1151.15	366.71
1154.15	366.72
1157.15	366.61
1160.15	366.63
1163.14	366.63
1166.14	366.56
1169.14	366.51
1172.14	366.49
1175.14	366.58
1178.13	366.57
1181.13	366.33
1184.13	366.32
1187.13	366.26
1190.12	366.07
1193.12	366
1196.12	366.02
1199.12	365.91
1202.12	365.88
1205.11	365.97
1208.11	365.99
1211.11	365.82
1214.11	365.48
1217.1	365.76
1220.1	365.77
1223.1	365.62
1226.1	365.58
1229.1	365.56
1232.09	365.63
1235.09	365.68
1238.09	365.8
1241.09	365.79
1244.08	365.56
1247.08	365.72
1250.08	365.78
1253.08	365.69
1256.08	365.61
1259.07	365.69
1262.07	365.72
1265.07	365.94
1268.07	366.01
1271.06	366.08
1274.06	366.11
1277.06	366.03
1280.06	365.97
1283.06	366.03
1286.05	366.23
1289.05	366.34
1292.05	366.33
1295.05	366.31
1298.04	366.35
1301.04	366.23
1304.04	366.07
1307.04	366.04
1310.04	366.08
1313.03	366.19
1316.03	366.3
1319.03	366.38
1322.03	366.43
1325.02	366.42
1328.02	366.36
1331.02	366.27
1334.02	366.25
1337.02	366.3
1340.01	366.33
1343.01	366.35
1346.01	366.41
1349.01	366.39
1352	366.28
1355	366.19
1358	366.48
1361	366.53
1363.99	366.64
1366.99	366.54
1369.99	366.44
1372.99	366.43
1375.99	366.46
1378.98	366.22
1381.98	366.28
1384.98	366.42
1387.98	366.45
1390.98	366.53
1393.97	366.69
1396.97	366.8
1399.97	366.8
1402.97	366.66
1405.96	366.71
1408.96	366.73
1411.96	366.75
1414.96	366.78
1417.95	366.72
1420.95	366.68
1423.95	366.73
1426.95	366.5
1429.95	366.25
1432.94	366.05
1435.94	365.87
1438.94	365.71
1441.94	365.55
1444.93	365.36
1447.93	365.2
1450.93	365.07
1453.93	364.86
1456.93	364.75
1459.92	364.78
1462.92	364.59
1465.92	364.21
1468.92	364.1
1471.91	364.37
1474.91	364.85
1477.91	364.92
1480.91	364.87
1483.91	364.95
1486.9	365.1
1489.9	365.36
1492.9	365.4
1495.9	365.58
1498.89	365.83
1501.89	366.09
1504.89	366.08
1507.89	366.09
1510.89	366.01
1513.88	365.79
1516.88	365.94
1519.88	365.83
1522.88	365.69
1525.87	365.65
1528.87	365.59
1531.87	365.5
1534.87	365.51
1537.87	365.59
1540.86	365.59
1543.86	365.51
1546.86	365.57
1549.86	365.6
1552.85	365.46
1555.85	365.22
1558.85	365.12
1561.85	365.19
1564.85	365.3
1567.84	365.27
1570.84	365.28
1573.84	365.38
1576.84	365.37
1579.83	365.25
1582.83	365.22
1585.83	365.27
1588.83	365.33
1591.83	365.29
1594.82	365.15
1597.82	365.04
1600.82	364.93
1603.82	364.93
1606.81	364.86
1609.81	364.75
1612.81	364.64
1615.81	364.59
1618.81	364.62
1621.8	364.58
1624.8	364.75
1627.8	364.92
1630.8	364.83
1633.79	364.75
1636.79	364.63
1639.79	364.54
1642.79	364.46
1645.79	364.49
1648.78	364.5
1651.78	364.36
1654.78	364.57
1657.78	364.55
1660.77	364.44
1663.77	364.37
1666.77	364.35
1669.77	364.45
1672.77	364.24
1675.76	364.07
1678.76	363.98
1681.76	364.02
1684.76	364.07
1687.75	363.95
1690.75	363.8
1693.75	363.92
1696.75	364.06
1699.75	364.05
1702.74	364.18
1705.74	364.52
1708.74	364.4
1711.74	364.14
1714.73	363.99
1717.73	363.97
1720.73	363.99
1723.73	364.11
1726.73	364.31
1729.72	364.51
1732.72	364.65
1735.72	364.86
1738.72	365.01
1741.71	365.07
1744.71	365.22
1747.71	365.49
1750.71	365.71
1753.71	365.7
1756.7	365.64
1759.7	365.68
1762.7	365.84
1765.7	366.12
1768.69	366.21
1771.69	365.6
1774.69	364.65
1777.69	362.2
1780.69	359.48
1783.68	357.46
1786.68	356.71
1789.68	355.73
1792.68	354.71
1795.67	353.96
1798.67	353.46
1801.67	353.13
1804.67	353.12
1807.67	352.63
1810.66	351.84
1813.66	350.91
1816.66	350.06
1819.66	349.73
1822.65	349.74
1825.65	349.72
1828.65	349.61
1831.65	349.38
1834.65	349.04
1837.64	349.34
1840.64	350.17
1843.64	351.44
1846.64	352.8
1849.63	353.65
1852.63	353.63
1855.63	353.45
1858.63	353.55
1861.62	353.5
1864.62	353.53
1867.62	353.77
1870.62	353.74
1873.62	353.62
1876.61	353.75
1879.61	353.94
1882.61	353.9
1885.61	353.73
1888.6	353.66
1891.6	353.7
1894.6	353.57
1897.6	353.39
1900.6	353.51
1903.59	353.8
1906.59	354.03
1909.59	354.11
1912.59	353.98
1915.58	353.88
1918.58	354.09
1921.58	354.54
1924.58	354.71
1927.58	354.75
1930.57	354.64
1933.57	354.28
1936.57	354.3
1939.57	354.83
1942.56	355.2
1945.56	354.82
1948.56	354.25
1951.56	354.26
1954.56	354.47
1957.55	354.33
1960.55	353.96
1963.55	354.04
1966.55	354.09
1969.54	353.99
1972.54	353.76
1975.54	353.96
1978.54	354.17
1981.54	354.08
1984.53	353.99
1987.53	354.07
1990.53	354.28
1993.53	354.44
1996.52	354.44
1999.52	354.5
2002.52	354.61
2005.52	354.75
2008.52	354.93
2011.51	355.05
2014.51	355.01
2017.51	355.05
2020.51	355.17
2023.5	355.2
2026.5	355.37
2029.5	355.4
2032.5	355.3
2035.5	355.44
2038.49	355.68
2041.49	355.79
2044.49	355.71
2047.49	355.69
2050.48	355.76
2053.48	355.79
2056.48	355.65
2059.48	355.57
2062.48	355.61
2065.47	355.64
2068.47	355.48
2071.47	355.56
2074.47	355.73
2077.47	355.93
2080.46	356.04
2083.46	356
2086.46	356.06
2089.46	356.08
2092.45	355.96
2095.45	355.58
2098.45	355.59
2101.45	355.75
2104.45	355.63
2107.44	355.93
2110.44	356.12
2113.44	355.76
2116.44	355.61
2119.43	355.45
2122.43	355.42
2125.43	355.58
2128.43	355.71
2131.43	355.74
2134.42	355.72
2137.42	355.72
2140.42	355.64
2143.42	355.39
2146.42	355.31
2149.41	355.51
2152.41	355.96
2155.41	356.16
2158.41	356.16
2161.4	356.15
2164.4	356.08
2167.4	355.98
2170.4	356.14
2173.4	356.38
2176.39	356.33
2179.39	356
2182.39	356.03
2185.39	356.31
2188.39	356.37
2191.38	356.46
2194.38	356.49
2197.38	356.56
2200.38	356.39
2203.37	356.05
2206.37	356.16
2209.37	356.13
2212.37	355.96
2215.37	355.99
2218.36	356.26
2221.36	356.48
2224.36	356.56
2227.36	356.31
2230.35	356.42
2233.35	356.54
2236.35	356.47
2239.35	356.55
2242.35	356.38
2245.34	356.59
2248.34	356.5
2251.34	356.14
2254.34	356.16
2257.34	356.22
2260.33	356.43
2263.33	356.52
2266.33	356.51
2269.33	356.37
2272.32	356.43
2275.32	356.51
2278.32	356.39
2281.32	356.41
2284.32	356.55
2287.31	356.6
2290.31	356.93
2293.31	357.24
2296.31	357
2299.31	356.57
2302.3	356.29
2305.3	356.08
2308.3	356
2311.3	355.96
2314.29	355.91
2317.29	355.86
2320.29	355.9
2323.29	355.92
2326.29	355.85
2329.28	355.76
2332.28	355.64
2335.28	355.54
2338.28	355.49
2341.27	355.77
2344.27	356.03
2347.27	355.9
2350.27	355.8
2353.27	356.12
2356.26	356.03
2359.26	355.93
2362.26	355.97
2365.26	355.81
2368.26	355.73
2371.25	355.96
2374.25	355.82
2377.25	355.9
2380.25	355.85
2383.24	355.83
2386.24	355.51
2389.24	355.15
2392.24	355.24
2395.24	355.28
2398.23	355.22
2401.23	355.48
2404.23	355.73
2407.23	355.75
2410.23	355.59
2413.22	355.51
2416.22	356.02
2419.22	356.23
2422.22	356.23
2425.21	356.24
2428.21	356.26
2431.21	356.36
2434.21	356.49
2437.21	356.39
2440.2	356.68
2443.2	356.75
2446.2	356.53
2449.2	356.5
2452.2	356.4
2455.19	356.4
2458.19	356.68
2461.19	356.83
2464.19	356.8
2467.18	356.72
2470.18	356.8
2473.18	357.15
2476.18	357.43
2479.18	357.47
2482.17	357.41
2485.17	357.37
2488.17	357.31
2491.17	357.21
2494.16	357.17
2497.16	357.55
2500.16	357.81
2503.16	357.98
2506.16	357.85
2509.15	357.51
2512.15	357.33
2515.15	357.33
2518.15	357.18
2521.15	357.05
2524.14	356.94
2527.14	356.91
2530.14	356.93
2533.14	356.63
2536.13	356.85
2539.13	356.88
2542.13	356.83
2545.13	356.75
2548.13	357.39
2551.12	357.38
2554.12	357.03
2557.12	356.99
2560.12	356.91
2563.11	356.86
2566.11	356.77
2569.11	356.67
2572.11	356.64
2575.11	356.68
2578.1	356.87
2581.1	356.95
2584.1	356.95
2587.1	356.95
2590.1	356.9
2593.09	356.82
2596.09	356.79
2599.09	356.86
2602.09	357.01
2605.08	357.16
2608.08	357.19
2611.08	357.16
2614.08	357.22
2617.08	357.08
2620.07	356.8
2623.07	356.74
2626.07	356.91
2629.07	357.18
2632.07	357.16
2635.06	357.01
2638.06	356.89
2641.06	356.91
2644.06	357.07
2647.05	357.32
2650.05	357.51
2653.05	357.4
2656.05	357.23
2659.05	357.18
2662.04	357.07
2665.04	357.05
2668.04	357.25
2671.04	357.51
2674.04	357.79
2677.03	357.83
2680.03	358.07
2683.03	358.32
2686.03	358.39
2689.02	358.36
2692.02	358.27
2695.02	358.15
2698.02	358.02
2701.02	357.84
2704.01	357.45
2707.01	357.39
2710.01	357.38
2713.01	357.4
2716	357.34
2719	357.19
2722	357.39
2725	357.7
2728	357.94
2730.99	358.07
2733.99	358.09
2736.99	358.03
2739.98	356.93
2742.92	356.45
2749.99	353.17
2775.51	350.33
2779.85	349.83
2781.76	350.15
2784.5	349.91
2787.49	349.83
2790.86	349.58
2794.16	349.68
2798.25	349.5
2806.69	349.21
2811.35	349.08
2816.5	348.84
2825.83	348.72
2830.81	348.52
2835.89	348.51
2841.27	348.39
2846.65	348.16
2852.42	348.08
2858.31	347.89
2864.62	347.75
2870.43	347.61
2876.09	347.44
2882.12	347.38
2887.85	347.15
2893.63	347.17
2898.98	346.91
2904.59	346.75
2910.75	346.68
2917.6	346.52
2929.9	346.47
2936.83	346.3
2944.35	346.24
2951.32	346.3
2959.08	346.14
2966.87	345.88
2975.33	345.72
2983.77	345.44
2991.02	345.2
2998.36	345.01
3004.94	344.84
3012.02	344.67
3019.39	344.38
3031.44	344.52
3039.52	344.17
3047.71	344.52
3055.36	344.13
3063.97	344.44
3072.3	345.11
3079.88	345.31
3087.67	345.63
3095.81	346.03
3102.03	346.29
3111.13	346.9
3119.24	347.08
3133.05	348.47
3140.33	348.8
3147.99	349
3156.06	349.38
3164.14	349.73
3172	350.04
3180.26	350.03
3188.89	350.09
3198.13	350.39
3207.39	350.53
3216.21	350.56
3226.76	350.56
3237.29	350.69
3246.37	350.73
3258.72	350.63
3266.35	350.85
3273.88	350.96
3281.41	350.95
3288.92	351.08
3296.45	351.04
3303.44	351.14
3310.4	351.03
3317.39	350.88
3323.99	350.63
3332.13	350.39
3340.27	350.45
3350.88	350.42
3358.13	350.31
3372.67	350.26
3379.92	350.22
3387.18	350.19
3394.45	350.45
3401.7	350.55
3408.72	350.25
3416.29	350.25
3424.29	350.3
3431.96	350.26
3439.15	350.43
3447.24	350.47
3456.1	350.38
3464.73	350.4
3472.74	350.34
3480.76	350.18
3488.49	349.94
3495.75	349.84
3502.67	349.73
3509.29	349.56
3515.49	349.6
3521.97	349.81
3528.56	349.91
3535.3	349.83
3541.25	349.9
3547.27	349.93
3552.55	350.04
3557.08	350
3569.06	350.42
3572.65	350.34
3575.75	350.66
3578.73	350.68
3584.02	350.35
3591.7	350.34
3596.51	348.78
3601.63	348.35
3606.62	348.35
3612.37	348.24
3618.11	348.05
3623.8	347.85
3630.22	347.71
3636.9	348.47
3643.12	348.68
3649.12	348.24
3655.18	348.11
3660.67	348.32
3666.33	348.5
3671.64	348.73
3676.81	348.87
3681.4	349.38
3687.12	350.17
3694.01	351.25
3698.68	352.56
3713.25	355.11
3717.55	356.22
3726.46	356.83
3729.44	357.02
3732.42	357.12
3735.4	357.18
3738.38	357.16
3741.36	357.08
3744.34	357.16
3747.32	357.27
3750.3	357.24
3753.28	357.03
3756.26	356.76
3759.24	356.78
3762.22	356.91
3765.2	356.96
3768.18	356.87
3771.16	357.05
3774.14	356.91
3777.12	356.69
3780.1	356.75
3783.08	356.56
3786.06	356.32
3789.04	356.55
3792.02	356.93
3795	357.23
3797.98	357.27
3800.96	357.11
3803.94	357.04
3806.92	357.07
3809.9	356.96
3812.88	356.66
3815.86	356.51
3818.84	356.48
3821.82	356.37
3824.8	356.43
3827.78	356.55
3830.76	356.71
3833.74	356.95
3836.72	356.99
3839.7	356.73
3842.68	356.52
3845.66	356.52
3848.64	356.39
3851.62	356.23
3854.6	356.2
3857.58	356.18
3860.56	356.18
3863.54	356.18
3866.52	356.23
3869.5	356.34
3872.48	356.38
3875.46	356.46
3878.44	356.47
3881.42	356.44
3884.4	356.44
3887.38	356.43
3890.36	356.4
3893.34	356.37
3896.32	356.33
3899.3	356.31
3902.28	356.36
3905.26	356.4
3908.24	356.44
3911.22	356.25
3914.2	356.38
3917.18	356.8
3920.16	356.88
3923.14	356.76
3926.12	356.47
3929.1	356.41
3932.08	356.39
3935.06	356.36
3938.04	356.43
3941.02	356.5
3944	356.48
3946.98	356.53
3949.96	356.84
3952.94	356.91
3955.92	356.61
3958.9	356.32
3961.88	356.21
3964.86	356.19
3967.84	356.26
3970.82	356.35
3973.8	356.33
3976.78	356.01
3979.76	355.44
3982.74	355.2
3985.72	355.35
3988.7	355.73
3991.68	355.88
3994.66	355.42
3997.64	355.12
4000.62	355.15
4003.6	355.22
4006.58	355.44
4009.56	355.55
4012.54	355.43
4015.52	355.4
4018.53	355.32
4028.41	353.1
4058.82	351.83
4062.8	351.51
4066.87	350.95
4071.68	350.43
4074.22	349.96
4075.67	349.79
4078.46	349.33
4082.92	349.01
4087.64	348.43
4089.47	348.39
4091.52	347.96
4094.11	347.62
4096.45	347.32
4098.8	347.36
4101.01	347.48
4103.94	347.53
4106.83	347.55
4109.65	347.44
4112.12	347.27
4117.41	346.8
4120.12	346.93
4122.76	346.99
4125.57	347.13
4128.28	347
4136.21	347
4142.54	347.74
4147.01	348.13
4150.48	348.48
4151.99	348.62
4154.97	348.87
4156.84	348.77
4158.65	348.92
4160.9	349.08
4163.18	349.33
4165.44	349.44
4167.89	349.4
4170.57	349.56
4172.81	349.73
4175.31	349.73
4177.74	349.9
4180.12	350.06
4182.71	350.2
4185.26	349.32
4187.64	350.28
4189.69	350.34
4191.86	350.41
4194.01	350.42
4196.07	350.59
4200.01	350.9
4202.15	351.19
4204.24	351
4206.1	351.18
4207.85	351.21
4209.76	351.14
4211.39	351.26
4213.22	351.29
4215.38	351.48
4217.43	351.64
4219.3	351.74
4223.13	351.79
4227.36	351.89
4256.65	353.14
4267.39	354.08
4294.07	354.85
4307.77	353.89
4310.72	355.24
4312.18	355.51
4313.71	355.8
4316.7	356.13
4319.69	356.15
4322.68	356.08
4325.67	356.01
4328.66	355.99
4331.65	356.37
4334.64	357.17
4337.63	358.1
4340.62	358.87
4343.61	359.06
4346.6	358.89
4349.59	358.7
4352.58	358.57
4355.57	358.59
4358.56	358.51
4361.55	358.34
4364.54	358.4
4367.53	358.4
4370.52	358.38
4373.51	358.57
4376.5	358.64
4379.49	358.46
4382.48	358.1
4385.48	358.09
4388.47	358.27
4391.46	358.3
4394.45	358.14
4397.44	358.06
4400.43	358.19
4403.42	358.18
4406.41	358.05
4409.4	357.91
4412.39	357.75
4415.38	357.59
4418.37	357.47
4421.36	357.35
4424.35	357.18
4427.34	357.12
4430.33	357.05
4433.32	357.01
4436.31	357.14
4439.3	357.16
4442.29	357.11
4445.28	357.2
4448.27	357.16
4451.26	357.06
4454.25	357.1
4457.24	357.17
4460.23	357.26
4463.22	357.26
4466.21	357.15
4469.2	357.09
4472.19	357.08
4475.18	357.13
4478.17	357.31
4481.16	357.44
4484.15	357.4
4487.14	357.33
4490.13	357.29
4493.12	357.33
4496.11	357.42
4499.1	357.23
4502.09	356.93
4505.08	356.82
4508.07	356.89
4511.06	356.93
4514.06	356.93
4517.05	356.94
4520.04	356.95
4523.03	356.86
4526.02	356.95
4529.01	356.99
4532	356.91
4534.99	356.81
4537.98	356.66
4540.97	356.55
4543.96	356.73
4546.95	356.64
4549.94	356.59
4552.93	356.72
4555.92	356.82
4558.91	357.13
4561.9	357.4
4564.89	357.48
4567.88	357.42
4570.87	357.1
4573.86	357.03
4576.85	357.39
4579.84	357.27
4582.83	357.15
4585.82	357.09
4588.81	357.08
4591.8	356.94
4594.79	356.92
4597.78	357.24
4600.77	357.34
4603.76	357.11
4606.75	357.52
4609.74	357.69
4612.73	357.5
4615.72	357.34
4618.71	357.15
4621.7	356.98
4624.69	357.05
4627.68	357.22
4630.67	357.42
4633.66	357.52
4636.65	357.37
4639.65	357.31
4642.64	357.41
4645.63	357.78
4648.62	357.78
4651.61	357.6
4654.6	357.51
4657.59	357.42
4660.58	357.16
4663.57	357.3
4666.56	357.75
4669.55	358.1
4672.54	358.23
4675.53	358.19
4678.52	358.05
4681.51	358.4
4684.5	358.3
4687.49	358.13
4690.48	357.97
4693.47	357.54
4696.46	357.19
4699.45	357.11
4702.44	357.29
4705.43	357.39
4708.42	357.28
4711.41	357.23
4714.4	357.37
4717.39	357.44
4720.38	357.48
4723.37	357.51
4726.36	357.46
4729.35	357.42
4732.34	357.36
4735.33	357.32
4738.32	357.43
4741.31	357.65
4744.3	357.64
4747.29	357.61
4750.28	357.73
4753.27	358.04
4756.26	358.06
4759.25	358.06
4762.24	358.12
4765.23	358.22
4768.23	358.27
4771.22	358.2
4774.21	358.08
4777.2	357.96
4780.19	357.94
4783.18	358.1
4786.17	358.16
4789.16	358.26
4792.15	357.89
4795.14	357.23
4801.12	356.84
4809.76	354.15
4817.98	352.17
4820.88	351.02
4823.41	350.19
4824.62	348.03
4826.68	347.27
4828.52	346.45
4830.39	345.97
4833.56	345.61
4835.85	345.47
4838.46	345.72
4840.9	346.27
4844.71	346.99
4845.82	347.16
4847.47	347.51
4849.17	347.77
4850.75	348.04
4851.94	348.13
4853.43	348.24
4854.49	348.34
4856.1	348.35
4857.56	348.4
4858.98	348.33
4860.18	348.29
4861.6	348.32
4862.45	348.39
4863.77	348.38
4865.63	348.33
4867.06	348.36
4868.91	348.31
4870.9	348.26
4872.94	348.16
4874.85	348.25
4876.44	348.27
4877.8	348.35
4879.21	348.4
4881.75	348.43
4883.06	348.51
4884.57	348.59
4886.16	348.75
4887.61	348.86
4888.74	349.21
4896.5	354.21
4900.48	356.03
4908.25	356.21
4911.23	356.79
4914.21	356.81
4917.18	356.77
4920.16	357.02
4923.13	357.09
4926.11	356.9
4929.09	356.61
4932.06	356.36
